image: center_mapping.pgm
resolution: 0.025000
origin: [-14.448288, -11.272806, 0.000000]
negate: 0
occupied_thresh: 0.65
free_thresh: 0.196

