image: map.pgm
resolution: 0.050000
origin: [-14.264476, -28.651009, -nan]
negate: 0
occupied_thresh: 0.65
free_thresh: 0.196

